lp	lb	ng
-0.158798256	12.08635983	1
0.093666432	11.92788341	1
-0.497084232	11.34439227	1
-2.312917155	8.352182518	1
-0.025510875	11.79795964	1
0.048529197	12.26007139	1
0.085324121	12.23299611	1
-0.450099633	10.70243054	1
0.325345483	12.6580114	1
-0.326023958	12.10380372	1
-0.131907154	11.43933269	1
0.225093115	12.50514998	1
-1.080101187	11.28103337	1
-0.092822512	11.40140054	1
0.108450008	12.61700034	1
0.029837318	11.36172784	1
-0.993795041	11.8920946	1
-0.333974624	11.3783979	1
-0.863399911	11.0211893	1
-0.382199993	10.85793526	1
-0.564711594	12.2380461	1
0.087408346	11.84509804	1
-0.707033242	11.35602586	1
0.165738304	11.91115761	1
0.438802847	12.34044411	1
-0.079489531	12.0211893	1
0.258052962	11.72427587	1
0.371390229	13.3283796	1
-1.182328879	12.5575072	1
-0.20028047	11.94448267	1
0.032349963	11.75281643	1
-0.260522594	11.78532984	1
0.166376823	12.33445375	1
-0.663352179	12.54406804	1
-0.349005145	11.07188201	1
0.142259283	12.13353891	1
0.48173951	12.14612804	1
-0.048992943	11.64738297	1
-0.14598561	12.08635983	1
-0.569923331	10.65321251	1
0.414476465	11.5899496	1
0.286563795	12.7126497	1
-0.352515315	12.38560627	1
-0.705467643	11.49136169	1
-0.805813237	11.92376196	1
-0.263401936	11.96707973	1
-0.225792625	12.26481782	1
-0.408139915	11.24303805	1
0.538197081	12.99475694	1
0.334716661	12.20411998	1
-0.346355337	11.41830129	1
-0.358512008	11.33243846	1
-0.260475913	12.25527251	1
-0.467590901	11.95904139	1
0.397420629	11.86510397	1
0.274961013	12.00432137	1
0.054259041	12.10380372	1
-0.194794889	12.28103337	1
-0.492060514	11.41664051	1
-0.616827578	10.9360108	1
-0.450459723	11.2121876	1
0.573514323	13.09342169	1
-0.016365595	11.59879051	1
-1.480368861	12.5774918	1
0.095467848	11.92890769	1
-0.844184378	11.86510397	1
-0.280444165	11.69019608	1
0.109246034	12.01703334	1
-0.609109031	12.29446623	1
0.453906686	12.673942	1
0.354370666	12.40483372	1
-0.402338813	11.86153441	1
-1.254160399	9.563481085	1
-0.525809969	11.13033377	1
-0.475007052	12.65513843	1
-0.568710233	10.65030752	1
-0.47728458	12.46982202	1
-0.212001419	11.372912	1
0.016647314	11.97312785	1
-0.460267934	11.88986172	1
-0.322505285	12.58092498	1
-0.321825004	11.99431715	1
-0.167124008	12.20951501	1
0.094966633	12.4785665	1
-0.54090921	12.74429298	1
-0.526666337	12.6919651	1
-0.625070278	12.2121876	1
0.512312232	12.55266822	1
0.297672331	12.40483372	1
-0.043873368	11.91645395	1
0.091615613	12.45484486	1
-0.034302649	11.5797836	1
0.084376421	12.33645973	1
0.088048867	11.26245109	1
-0.737176479	10.88874096	1
-0.249264104	12.36172784	1
-0.414662244	12.66838592	1
-0.314018346	11.39794001	1
0.084250882	11.84818912	1
-2.260348556	8.462397998	1
-0.011117895	12.43136376	1
0.923819725	13.38916608	1
-0.372315709	11.30319606	1
0.536849726	13.50650503	1
-0.599187533	12.73239376	1
-0.292293596	12.49831055	1
0.254366781	12.51054501	1
-0.806179974	12.14612804	1
-0.494353581	12.1271048	1
-0.426061392	11.89652622	1
-0.777902905	12.2278867	1
-0.667892942	11.8893017	1
0.445763727	12.83884909	1
0.039593353	12.0211893	1
0.159070358	12.10037055	1
-0.166046907	12.02530587	1
0.340837974	12.48713838	1
1.055775208	13.40483372	1
-0.278482859	11.65417654	1
-0.062307122	11.77524626	1
-0.261854705	12.1172713	1
-0.316416282	11.17318627	1
0.111343516	11.673942	1
-0.190331894	11.48144263	1
-0.117053326	11.82801506	1
0.334706815	12.11058971	1
0.092766247	12.2121876	1
-0.903660155	11.74741181	1
0.030829153	12.56348109	1
-0.263248239	11.01283722	1
-0.401507147	12.07554696	1
-0.94769475	10.51454775	1
-0.275182829	11.98407703	1
0.266917885	12.13672057	1
-0.506299425	11.80550086	1
-0.916798481	11.87040391	1
-0.26647854	12.36735592	1
-1.049012389	12.5289167	1
0.105090334	12.47421626	1
-0.123999361	12.21748394	1
-0.510630818	11.04532298	1
0.231455827	12.07554696	1
-0.14229851	12.04139269	1
-0.190875471	12.39794001	1
-0.679945154	11.28330123	1
0.047701941	12.13033377	1
-0.434207652	11.73719264	1
0.204724317	11.93247376	1
0.102960303	12.45636603	1
-1.189189704	11.84135947	1
-0.240277777	12.45178644	1
-0.016595201	12.11058971	1
-0.485752506	12.4456042	1
-0.354582644	12.79865065	1
-0.180250152	11.42975228	1
-0.015395736	12.13672057	1
-0.259990417	11.70757018	1
-0.005119554	11.58883173	1
-0.460563812	12.47275645	1
-0.467431605	11.63042788	1
-0.595926108	11.83821922	1
-0.39617818	11.7201593	1
-0.971611775	12.11058971	1
0.134460805	11.83378437	1
0.183578724	12.37474835	1
0.085282014	11.04921802	1
0.195344397	12.38201704	1
-0.365898744	12.38916608	1
-0.022144298	12.98855896	1
-0.127089468	12.71683772	1
-0.131061234	12.28330123	1
0.285923267	11.84695533	1
0.642678054	12.78816837	1
-0.243813631	11.59769519	1
0.159799617	12.41830129	1
-1.057768653	12.23552845	1
-0.18140597	11.94250411	1
-0.177591948	12.59549622	1
-0.092520383	12.75815462	1
0.036396518	11.50242712	1
-0.243924044	11.2121876	1
-0.479403814	12.10720997	1
0.040486038	12.29666519	1
-0.193809169	11.81023252	1
0.137928254	11.95568775	1
-0.596767916	11.38738983	1
-0.325291302	12.66370093	1
-0.064433287	12.24551267	1
-0.691313958	11.80413943	1
-0.173869456	11.37474835	1
-0.592308338	11.69983773	1
0.157330723	12.93951925	1
0.220415909	12.08278537	1
0.888383952	13.33845649	1
-0.109299044	12.04921802	1
-0.512759782	12.41995575	1
-0.077899192	11.84509804	1
0.401046239	12.17897695	1
0.329111171	12.95760729	1
-0.086233287	12.58546073	1
-0.353693339	11.70156799	1
-0.854238167	12.4578819	1
-0.11374397	12.08990511	1
-1.056337339	11.39967372	1
-0.969052334	12.47421626	1
-0.298035891	12.10380372	1
0.256403815	12.25285303	1
-0.789149307	12.26245109	1
0.092827627	12.85491302	1
-0.852385501	11.99343623	1
-0.173908344	11.28103337	1
0.215829425	13.1931246	1
-0.952834207	12.82085799	1
-2.287182	8.495544338	1
-1.03903955	12.08990511	1
-0.513695648	11.8739016	1
0.381588303	12.82216808	1
-0.333287379	12.07554696	1
0.060920595	11.71683772	1
-0.236888857	11.65896484	1
-0.292116564	11.96754798	1
-0.272863948	11.9360108	1
-1.539824076	9.149219113	1
-0.179147259	11.96425963	1
0.141878525	12.06445799	1
0.068504599	12.45331834	1
-0.539700664	12.24303805	1
-0.856894601	12.4456042	1
-0.486421526	11.30963017	1
-0.432471367	11.81822589	1
-0.481054612	11.15836249	1
-0.702346708	11.76789762	1
-0.907732128	12.54282543	1
0.342881409	12.49831055	1
-0.743301492	12.28330123	1
-0.415861084	11.59106461	1
-0.459784433	12.07918125	1
-0.641448436	11.34439227	1
0.264818767	12.38560627	1
-0.023394197	12.97634998	1
-1.001474759	12.24054925	1
-0.348106848	11.75587486	1
0.465293157	12.8920946	1
-0.170000627	11.80002936	1
-0.37422777	12.09342169	1
-0.201828793	11.5797836	1
-0.705295749	12.0374265	1
0.129497188	12.13033377	1
-0.210228973	11.80888587	1
0.073717984	12.35793485	1
-2.46941614	8.053078443	1
-0.401661526	11.80208926	1
-0.55144053	11.87621784	1
-1.199331027	12.00432137	1
0.434238906	12.40483372	1
-0.597269317	10.68394713	1
0.180851292	11.86153441	1
0.255126751	13.2278867	1
-0.253168934	12.0374265	1
-1.187340613	12.161368	1
-0.475976661	11.72509452	1
-0.085929884	12.18752072	1
-0.055112833	12.80955971	1
0.219175709	12.31386722	1
-0.585399303	12.1430148	1
-0.025415547	12.44247977	1
-0.296625211	12.40483372	1
0.062684248	11.72672721	1
-0.389379223	13.61278386	1
0.358048549	12.46686762	1
-0.27101107	12.08990511	1
-0.611121177	11.10720997	1
-0.193661266	12.31386722	1
-0.566335753	12.08278537	1
-0.632688815	11.90848502	1
-0.731515636	10.61700034	1
-0.868134429	13.00860017	1
-0.319574736	11.74193908	1
-0.693066984	11.38381537	1
-0.237009516	12.14612804	1
-0.287363765	10.88195497	1
-0.789619939	10.71096312	1
-0.166863092	11.91115761	1
-0.591161596	11.54032947	1
-0.756550187	11.04139269	1
0.009822564	11.83758844	1
-0.939517472	12.48429984	1
0.074784635	12.3283796	1
-0.438057092	12.24303805	1
-0.254756522	11.30535137	1
-0.929725646	12.08990511	1
-0.268869137	12.01703334	1
-0.535409119	11.57054294	1
-0.253067812	11.32428246	1
-0.17028079	11.84135947	1
-0.164082513	11.76566855	1
-0.070241436	12.71432976	1
-0.56324597	11.85064624	1
0.551442312	12.80345712	1
0.510682917	12.47567119	1
0.252811541	12.18469143	1
-0.424154282	12.20682588	1
-0.549732411	11.60422605	1
-0.539991191	12.4456042	1
0.016168483	12.01703334	1
-0.397373624	12.10380372	1
-0.175557839	11.10720997	1
-0.279779486	12.08990511	1
-0.227578534	12.16731733	1
-0.344092623	11.99694925	1
-0.510236927	11.41830129	1
-0.372499984	10.99255352	1
-0.553203514	11.65896484	1
0.627059489	12.13672057	1
-0.363427861	11.5289167	1
-0.041043089	11.34830486	1
-0.196260275	11.43775056	1
-0.427073824	12.40483372	1
-0.10280632	11.40654018	1
0.033891576	11.61066016	1
-0.232279547	12.54157924	1
-0.664590245	12.0211893	1
0.007940992	12.16731733	1
-0.203200946	11.63346846	1
-0.377145891	11.80482068	1
-0.056882069	11.26717173	1
0.130731207	12.1430148	1
0.272536386	11.21484385	1
-0.248136839	12.30103	1
-0.120966085	12.2380461	1
-0.590442188	11.35793485	1
-0.530531452	11.33645973	1
0.324482884	12.33845649	1
0.048671321	12.11058971	1
0.140649119	12.06818586	1
0.114580296	12.59988307	1
-0.290524816	11.98000337	1
-0.326771677	11.29225607	1
-0.410630217	12.1271048	1
-0.560340524	11.72509452	1
0.189439498	12.5276299	1
0.358523602	12.70329138	1
-0.702600639	12.26717173	1
-0.362065197	10.86569606	1
-0.485375223	11.54406804	1
-0.084421312	11.48000694	1
-0.592615895	11.86981821	1
-0.733998922	11.53529412	1
-0.181791267	12.21484385	1
-0.209498095	11.68033551	1
-0.178271015	11.95664858	1
-0.733937725	12.85125835	1
-0.177943125	12.79169065	1
-0.01419374	12.39794001	1
0.362980196	12.35602586	1
-0.368797798	12.57403127	1
-0.320362275	12.00860017	1
-0.242872071	12.18752072	1
-0.007931855	12.38560627	1
-0.325114987	12.23044892	1
0.695694131	13.01703334	1
1.013364888	13.53655844	1
0.024827468	11.87794695	1
-0.332827328	12.30749604	1
-0.207990938	12.372912	1
-0.399798417	10.93751789	1
-0.349189492	11.41995575	1
-0.13777676	11.52113808	1
-0.070971604	12.34830486	1
0.386932508	12.1172713	1
-0.071126584	11.92116605	1
0.46958493	12.77378644	1
-0.464927515	12.13353891	1
-0.582908792	11.22010809	1
-0.54614524	11.82412583	1
-0.375596195	11.90579588	1
-0.338672027	10.47567119	1
-0.553262507	12.2121876	1
0.106890238	12.24551267	1
-0.173901215	11.79448805	1
-0.295799705	12.06445799	1
0.441570877	12.74818803	1
-0.073601469	12.34242268	1
0.395117322	12.19865709	1
-0.320580281	12.10037055	1
-0.100907578	12.20139712	1
-0.265192972	12.23552845	1
-0.275795426	12.50514998	1
-0.706683861	11.74429298	1
-0.551791627	12.47567119	1
-0.273518118	12.10720997	1
0.169886241	11.98272339	1
0.194574834	12.86746749	1
-0.188346587	11.76492298	1
-0.186796765	11.78604121	1
-0.461422496	10.13987909	1
-0.967711719	10.68841982	1
-0.68203481	11.43933269	1
0.093067801	12.62221402	1
-0.863105116	9.935507266	1
-0.253226507	11.65030752	1
-0.421794155	12.14612804	1
-0.202535097	12.54900326	1
-0.713678286	12.85003326	1
-0.267524215	11.18752072	1
0.097980531	12.30963017	1
-0.523421953	11.01703334	1
-0.21469722	12.47275645	1
-0.032558739	12.2787536	1
-0.586091979	12.06818586	1
-0.529150144	11.67851838	1
-0.201416334	11.9498777	1
0.470107232	12.82542612	1
-0.190911195	12.13353891	1
0.309347784	12.08635983	1
0.08399719	12.43616265	1
-0.558143114	10.47129171	1
-0.294666656	11.78746047	1
-0.779609451	12.89376176	1
-0.894486409	11.95904139	1
-1.506096033	12.04532298	1
-0.074280626	12.5797836	1
-0.398842106	11.28330123	1
0.116009014	12.10380372	1
-0.209310293	11.93951925	1
-0.54008155	11.62838893	1
-0.671467503	12.5378191	1
-0.30773135	12.10037055	1
-0.153901135	12.40140054	1
-0.276880236	11.8286599	1
-1.300578564	12.10720997	1
-0.554817843	10.64246452	1
-0.276416275	12.00860017	1
-0.501379347	12.7512791	1
-1.227692966	9.691965103	1
-0.544203783	12.99475694	1
-0.959631087	12.24551267	1
-0.53401075	11.91222206	1
-0.40346228	12.2380461	1
0.665598625	12.74036269	1
-0.406183576	11.68394713	1
-0.099696791	11.49554434	1
-0.529324955	12.05690485	1
0.040129818	11.99956549	1
0.223391054	11.83314711	1
-0.956350907	12.64147411	1
-0.028829954	11.67851838	1
-1.166343003	12.38201704	1
-0.477020076	11.84757266	1
-0.113297819	11.89486966	1
-0.435648825	12.08635983	1
0.010089544	11.70070372	1
-0.451901847	10.95036485	1
-0.15004772	11.86510397	1
-0.29952993	11.69548168	1
-0.23174235	11.78604121	1
-0.243904244	12.04139269	1
-0.936130204	12.2787536	1
-0.116954962	12.76192784	1
-0.104886432	12.17318627	1
0.308562066	12.54530712	1
0.29102012	12.52633928	1
-0.513756599	11.98811284	1
-0.0162168	12.00432137	1
-0.32514345	11.93701611	1
-1.209742992	11.86746749	1
-0.330110637	12.24054925	1
-0.337615255	11.86093662	1
0.07034823	11.81822589	1
-0.135452729	11.70156799	1
0.440944957	12.68304704	1
-0.334109579	11.30535137	1
-0.412710067	12.65127801	1
-0.80969352	11.68124124	1
-2.237171447	8.419955748	1
-0.745971841	11.85125835	1
-0.579422153	11.2121876	1
0.242616206	12.48855072	1
0.175696451	12.37474835	1
-0.408113239	12.34635297	1
-0.986526557	12.2121876	1
-0.33344739	11.5276299	1
-0.106266526	11.56702637	1
-0.271237281	12	1
-0.175155278	12.69810055	1
-0.07463427	12.03342376	1
0.520352766	11.83821922	1
-0.384065722	12.18469143	1
-0.075338806	12.36921586	1
-0.542485972	11.83632412	1
-0.448971081	11.8122447	1
-0.13095495	12.29003461	1
-1.050990778	11.9609462	1
-0.469751623	11.93348729	1
-0.025087357	11.88536122	1
-0.698136958	11.49831055	1
-0.520696839	11.5132176	1
0.30974341	12.30103	1
-0.8904417	11.97772361	1
-0.011682781	12.71933129	1
-0.820301745	13.18752072	1
-0.342142304	11.81690384	1
-0.827408744	11.82151353	1
-0.542654114	12.1271048	1
-0.186527765	11.57863921	1
-0.052266395	12.13987909	1
-0.09963451	11.76566855	1
-0.667713065	10.97543181	1
-0.285035193	12.17897695	1
0.333307593	12.63346846	1
0.098315545	12.44247977	1
0.142891368	12.33645973	1
-0.403014961	11.95472479	1
-1.106687741	12.24797327	1
0.047683263	13.30535137	1
-0.01725718	13.04532298	1
0.005049174	12.61172331	1
-0.552300989	11.26007139	1
-0.52015415	11.29003461	1
0.383381213	12.83695674	1
0.020653339	12.54157924	1
-0.278555434	11.66464198	1
-0.049993148	11.93449845	1
-0.084996646	12.26951294	1
-0.554462736	12.06445799	1
-0.447515516	11.27415785	1
-1.074677593	12.0374265	1
0.051089207	11.97680834	1
-0.352788238	11.23552845	1
0.08686716	11.67577834	1
0.136365696	12.14921911	1
-0.538067995	11.83058867	1
-0.363646525	12.1271048	1
-0.329381259	11.1430148	1
-0.246620732	12.45939249	1
-0.512609892	11.96567197	1
0.120494632	12.01283722	1
-0.05480823	12.1172713	1
-0.253489569	11.9459607	1
-0.520985013	11.8876173	1
0.184158597	12.40823997	1
-0.366063163	12.04532298	1
-0.557950034	11.80277373	1
-0.402599927	11.11058971	1
-0.98015703	11.76789762	1
-0.073667845	12.39445168	1
-0.466974431	12.10037055	1
-0.295362248	11.17026172	1
0.104774497	12.11058971	1
0.002147912	11.93751789	1
-0.613693701	12.04139269	1
0.212412953	11.76342799	1
-0.212599041	11.71096312	1
-0.528946042	12.67851838	1
-0.222395581	12.1931246	1
0.251361985	12.01703334	1
0.081911596	12.99166901	1
-0.149314564	11.90254678	1
-0.125838368	11.76042248	1
-0.190942202	12.41329976	1
-0.423521586	12.65127801	1
-0.748230416	11.0211893	1
-0.235943483	12.42324587	1
0.197811038	12.33845649	1
-0.188962833	11.11394335	1
-0.615843793	11.58433122	1
-0.836674602	10.0374265	1
-0.219871427	12.19865709	1
-0.767171544	12.13672057	1
0.101221411	12.0211893	1
-0.540084563	12.30963017	1
-0.302969536	11.1903317	1
-0.125136241	12.56702637	1
0.152631974	12.06818586	1
-0.171301444	11.5563025	1
-0.343524231	12.97863695	1
0.033957449	12.61909333	1
0.533777014	13.01703334	1
-0.010812796	12.15533604	1
-0.273616778	11.78887512	1
-0.285578025	11.26007139	1
-0.002316178	12.5132176	1
-0.482557324	11.52374647	1
-0.225793355	12.28330123	1
0.050125215	13.16435286	1
-0.589972255	11.71432976	1
-0.018978255	12.65127801	1
-0.715341462	11.99956549	1
-0.711183119	11.81358099	1
0.09609834	12.02530587	1
0.408130869	12.13672057	1
-0.539918918	12.63245729	1
-0.086191444	12.56348109	1
-0.06337217	12.89486966	1
-0.548106155	11.83186977	1
-0.108845716	12.1903317	1
-0.84799006	11.1271048	1
-0.304450908	12.07554696	1
-0.277805529	12.21484385	1
-0.484897449	11.76715587	1
-0.466732667	11.23299611	1
0.005870458	12.34635297	1
-0.181765526	11.6180481	1
-0.374876951	11.56110138	1
-0.465056749	11.97497199	1
-0.525614715	10.94051648	1
0.192544316	11.95472479	1
-0.60273976	11.55388303	1
0.107007025	12.61489722	1
0.007915406	11.69019608	1
-0.317747492	12.41329976	1
-0.104318943	12.161368	1
0.112889746	12.20682588	1
-0.176240248	11.78390358	1
-0.738756169	11.99255352	1
-0.45032251	10.43136376	1
-0.369932322	11.10720997	1
-0.034406058	12.08635983	1
-0.31577332	12.13672057	1
-0.210757831	11.88536122	1
-0.417509374	11.69635639	1
-0.339607003	12.47712125	1
-0.183612192	12.32428246	1
0.081635661	12.23299611	1
-0.39009412	11.40993312	1
-0.635085213	13.03342376	1
0.185827625	12.53402611	1
-0.242154724	11.11394335	1
0.394025583	12.30103	1
-0.442543328	11.54777471	1
-0.101534815	12.10380372	1
0.086215279	12.68841982	1
0.011075819	12.7411516	1
0.535099847	12.90200289	1
-0.246355669	12.48995848	1
-1.1589097	12.49136169	1
-0.691322493	11.80888587	1
-0.764635707	12.13353891	1
0.06309306	11.45024911	1
0.035037295	12.5797836	1
-0.429545796	11.73319727	1
-0.135807637	12.1430148	1
-0.037660029	12.08278537	1
-0.339437116	12.18752072	1
-0.576636145	11.46089784	1
0.03058677	12.6364879	1
0.636096554	14.43775056	1
-0.298419064	12	1
0.106002447	12.26481782	1
-0.438195247	11.79098848	1
-0.139223727	12.74741181	1
-0.632338503	11.64048144	1
-0.059860698	11.36735592	1
-0.348021669	12.13987909	1
0.372042175	12.01283722	1
-0.33692223	12.44870632	1
-0.448725707	12.1931246	1
-0.431632806	12.24797327	1
-0.53175904	12.35983548	1
-0.345950587	11.77451697	1
-0.309045011	11.64738297	1
-0.851563939	11.69810055	1
-0.213013753	12.17897695	1
-0.452885234	11.7126497	1
-0.450709757	10.73158877	1
-0.062496652	12.0211893	1
0.6167421	12.93550727	1
0.475408644	12.66558099	1
-2.221776373	8.394451681	1
-0.252533035	12.45484486	1
-0.239599383	12.55990663	1
-0.168972768	11.94051648	1
-0.258658488	10.84818912	1
-0.144095178	11.34242268	1
0.019867863	12.6009729	1
0.232781196	13.06069784	1
-0.640992172	12.27415785	1
-0.089667535	13.36735592	1
-0.028929747	12.00432137	1
-0.360008787	12.22271647	1
-0.148234251	12.8739016	1
-0.453282174	12.06818586	1
-0.294687199	11.95616843	1
-0.649362455	10.98677173	1
0.071656336	11.72345567	1
-0.30935479	11.38916608	1
0.202691522	12.38381537	1
-0.172653993	12.39093511	1
-0.276445002	11.93500315	1
-0.684766692	12.49692965	1
0.080858722	12.70329138	1
-0.366161037	11.91115761	1
-0.112738945	12.2278867	1
-0.597102691	11.5865873	1
-0.925289587	11.79448805	1
-0.812403143	12.48572143	1
0.066602071	12.36172784	1
-0.077085196	12.35024802	1
-0.155982214	11.37106786	1
-0.112872401	11.8344207	1
0.04997118	11.2278867	1
-0.928847336	11.64345268	1
-0.555741234	12.58319877	1
-0.467879057	11.98272339	1
-0.230948517	10.97772361	1
-0.276449106	12.24797327	1
-0.748722016	11.58433122	1
-0.286169379	12.673942	1
-0.131297385	11.70156799	1
0.037827935	11.33041377	1
-0.624550386	12.4440448	1
0.129657351	12.5289167	1
-0.144173252	12.67117284	1
-0.341931338	12.48572143	1
-0.899760452	11.49276039	1
-0.411515401	11.924796	1
-0.386305081	11.26717173	1
-0.075369284	11.48855072	1
-0.635255819	12.71349054	1
-0.275662678	12.02938378	1
0.251786853	12.24551267	1
-0.142996365	12.20682588	1
-0.200913208	12.0374265	1
-0.78264768	12.30103	1
-0.233761947	11.70415052	1
0.006575993	11.88252454	1
-0.581655613	10.99651167	1
-0.06012547	11.29666519	1
-0.254129991	12.72672721	1
-0.526232836	12.14921911	1
-0.212135175	12.01283722	1
0.242926855	12.38021124	1
-0.510156786	10.89817648	1
-0.509482498	10.86153441	1
-0.419223234	12.39794001	1
-0.805766028	11.73239376	1
-0.011711335	12.24054925	1
-0.073615875	12.30963017	1
-0.286137484	12.31806333	1
-0.197187976	12.0374265	1
-0.050349495	12.13672057	1
0.244354074	12.19589965	1
-0.515064136	10.87040391	1
0.231403065	12.37106786	1
-0.038197938	11.89376176	1
-0.515647479	11.96988164	1
0.0083327	11.82930377	1
-0.212852784	12.24054925	1
-0.377495853	10.90471555	1
0.485651877	12.5171959	1
-0.101372436	11.56702637	1
-0.027258101	11.924796	1
0.105150679	11.61489722	1
0.042006186	12.88081359	1
-0.265251361	11.15533604	1
0.076800226	12.1931246	1
-0.136597427	11.98944982	1
-0.214950055	12.35410844	1
0.066865755	12.85430604	1
-0.379995191	12.10720997	1
-0.193170428	11.80413943	1
-0.323872714	11.45939249	1
-0.451864967	10.97818052	1
0.132997939	12.40823997	1
0.17437705	12.40993312	1
-0.251421284	10.72997429	1
-0.546999851	11.23044892	1
-0.121745412	11.24551267	1
-0.237799498	11.90254678	1
-0.535598393	11.11058971	1
0.389982322	12.72345567	1
-0.49091985	11.61700034	1
-0.094579771	11.4785665	1
-0.408570294	11.5899496	1
-0.739604205	12.49415459	1
-0.642894533	10.71180723	1
-0.666538619	12.16731733	1
-0.618841582	12.87040391	1
0.327053492	12.42813479	1
-0.094559793	12.07554696	1
0.083425572	11.95664858	1
0.242365737	12.70415052	1
0.145010151	12.43136376	1
-0.513820393	11.72754126	1
-0.524347694	12.05307844	1
-0.592734898	11.72509452	1
-0.068297081	12.61384182	1
-0.496289648	12.64836001	1
-0.064963055	12.74272513	1
-0.652550936	11.10380372	1
-0.092295267	11.34830486	1
-0.231889736	12.1271048	1
-0.209729618	12.30749604	1
-0.441386217	11.5171959	1
-0.23581116	12.02938378	1
-0.050320235	12.35793485	1
-0.574345159	11.81491318	1
-0.159822993	12.2380461	1
0.08841324	12.5171959	1
0.113220151	12.26951294	1
0.075920513	12.17897695	1
-0.185050906	12.31175386	1
-0.348860633	12.00860017	1
-0.231372257	12.33645973	1
0.239524203	12.07554696	1
-0.062865921	12.40823997	1
-0.989449887	12.49415459	1
-0.020379704	11.14612804	1
-0.542782916	11.2380461	1
-0.061078188	11.99563519	1
-0.332206283	12.27415785	1
-0.046135008	12.5774918	1
-0.59284713	11.76192784	1
0.204150925	13.23044892	1
-0.157216703	11.31175386	1
0.1004443	11.5378191	1
-0.108112572	11.53275438	1
-0.032401484	12.30963017	1
-0.55520443	12.51587384	1
0.316421819	12.40312052	1
-0.241281086	11.85551916	1
-0.200443047	12.53275438	1
-0.506105782	11.98091194	1
0.015387841	12.24303805	1
-0.255062705	11.83821922	1
-0.182898257	12.40993312	1
-0.16594889	12.28330123	1
0.060508598	11.99211149	1
0.03563823	11.28330123	1
-0.400272996	12.34830486	1
-0.456020064	11.89872518	1
-0.492423407	11.40483372	1
0.110380593	12.76937733	1
0.528733436	13.8733206	1
-1.126853849	12.00432137	1
-0.228799956	12.3283796	1
-0.723322251	11.75434834	1
-0.628055194	11.48713838	1
-0.320831122	11.30319606	1
0.19468109	12.48429984	1
0.208351048	12.04532298	1
-0.058356908	11.86272753	1
-0.207294611	11.83758844	1
-0.454538248	11.03342376	1
-0.393575638	11.36172784	1
-2.456304368	8.149219113	1
-0.55218482	12.42975228	1
-0.32133779	11.74973632	1
-0.398827962	12.13033377	1
-0.626769754	12.20951501	1
-0.660441241	11.46089784	1
-0.204096358	11.88024178	1
-0.693099118	12.11058971	1
-0.023083103	12.42324587	1
0.086967418	12.71096312	1
0.116975809	12.33645973	1
-0.619935357	11.51188336	1
0.099607447	12.20411998	1
0.013877862	12.59988307	1
0.314369952	12.84323278	1
-2.319483191	8.694605199	1
0.165858672	12.31175386	1
0.045374622	13.57054294	1
-0.541464883	11.81358099	1
-0.054148499	12.2380461	1
0.111632112	12.08278537	1
-0.413408195	11.82347423	1
-0.210745131	11.3283796	1
-0.062310129	11.65705585	1
-2.090283547	8.612783857	1
0.187076893	12.57170883	1
-0.855550339	12.54157924	1
0.514579892	12.93298082	1
-0.123177341	12.05690485	1
-0.081011392	13.07188201	1
-0.315361067	11.47712125	1
-0.706542419	12.37657696	1
-0.477703165	11.56820172	1
0.339252833	12.23299611	1
-0.202053496	12.4578819	1
-0.490214328	11.67024585	1
-0.059641424	11.29003461	1
-0.180591638	12.07554696	1
-0.114534177	11.96988164	1
-0.441229049	11.89320675	1
0.095488414	12.35983548	1
-0.471615572	12.35793485	1
-0.250435272	12.15836249	1
0.004851663	11.80888587	1
-0.076034139	11.77959649	1
-0.21287689	11.90955603	1
0.067941177	13.7176705	1
-0.106300918	11.85247999	1
-0.377438887	11.8585372	1
-0.454738666	12.48572143	1
0.421969469	12.48429984	1
0.202057351	12.69284692	1
0.809225348	13.14921911	1
-0.29860214	11.95375969	1
-0.114258938	12.73399929	1
-0.346370764	12.90308999	1
-0.088164568	12.13672057	1
-0.400570009	12.19865709	1
0.296412217	12.61909333	1
-0.456439757	12.02530587	1
-0.35320627	12.78532984	1
-0.260033884	11.61066016	1
-0.114356693	11.89817648	1
-0.13645529	11.40993312	1
-0.630470599	11.28780173	1
0.084825702	11.50379068	1
-0.490956165	12.20682588	1
-0.941695474	12.06445799	1
-0.62102645	11.86391738	1
-0.27618243	12.50105926	1
-0.056722686	11.6242821	1
-0.46626352	10.92116605	1
-0.812234	12.26481782	1
-0.095257414	12.0374265	1
0.228568705	12.25285303	1
-0.216892165	13.23044892	1
-0.288191928	12.15533604	1
0.310285798	12.33845649	1
0.591566095	12.90633504	1
-0.383314479	12.42813479	1
-0.459924668	11.2278867	1
-0.049168481	11.56466606	1
0.133774513	12.20411998	1
-0.650609784	11.58092498	1
0.277322417	12.62117628	1
-0.290551099	12.00432137	1
0.007042864	11.46389299	1
-0.38468029	11.07554696	1
-0.351986587	11.92531209	1
-0.392183751	11.64836001	1
0.094299194	11.8893017	1
0.38284088	13.2380461	1
-0.714206481	12.161368	1
-0.514041621	11.69548168	1
-2.389872387	8.285557309	1
0.244822677	12.31597035	1
0.226214927	12.07918125	1
0.027782056	12.68214508	1
-0.448957649	11.41995575	1
0.019285404	11.91487182	1
0.064679947	12.26481782	1
-0.434826569	12.30103	1
-0.155924997	12.12057393	1
0.539708002	12.62117628	1
0.024546415	12.02938378	1
0.169815454	12.64147411	1
0.032256429	13.58546073	1
-0.02446526	12.54157924	1
-0.699967856	12.06445799	1
0.198325192	11.92116605	1
-0.30080943	12.41497335	1
0.444057137	12.41329976	1
-1.282720705	12.45939249	1
-1.00518152	12.39619935	1
-0.404357201	11.84509804	1
-0.353755119	11.35218252	1
-0.058247139	12.16731733	1
0.125607469	12.18469143	1
-0.214759881	12.34635297	1
-0.350838504	11.71516736	1
0.124605288	12.23044892	1
0.751205714	12.83122969	1
-0.147035965	12.44870632	1
-0.046058223	11.69284692	1
-0.040785402	11.63144377	1
-0.164935009	11.2121876	1
-0.403583256	12.01283722	1
-0.261039579	12.34830486	1
-0.129390117	11.99607365	1
-0.388222541	11.71516736	1
-0.718882511	11.54157924	1
-0.249832695	12.33445375	1
-0.193664658	12.17897695	1
-1.200969772	10.05690485	1
-0.277089796	12.44090908	1
0.320197817	12.12385164	1
-0.441662298	11.66275783	1
-0.405934675	11.74896286	1
0.37865168	12.29225607	1
-0.719626534	11.59217676	1
-0.134455437	11.85612444	1
-0.491832681	12.08278537	1
0.070395504	13.01703334	1
0.001955562	12.75358306	1
-0.631636865	12.21484385	1
-0.581773308	10.78318869	1
-0.392566424	12.66931688	1
-0.173614172	11.64542227	1
-0.139953218	11.98136551	1
-0.732101144	11.58546073	1
-0.630596731	12.24551267	1
-0.159547612	12.5390761	1
-0.366250859	11.8122447	1
0.323718742	12.26245109	1
0.080226998	12.40140054	1
-0.115371138	11.4345689	1
-0.023532635	11.92220628	1
0.400065102	12.80345712	1
-0.097751187	11.6599162	1
-0.135782701	12.18184359	1
-0.593936954	11.1931246	1
0.453836279	12.86628734	1
-0.336323569	12.35602586	1
-0.091130184	12.47567119	1
-0.252674438	12.16731733	1
-0.019292778	12.99475694	1
-0.240785569	12.21748394	1
0.033002527	12.30963017	1
-0.106135639	12.48287358	1
0.255096822	12.00432137	1
-0.035508902	12.24797327	1
-2.440691989	8.146128036	1
0.406624987	11.83884909	1
0.04482384	11.95085146	1
-0.35841386	10.92168648	1
-0.425624907	12.39445168	1
-0.381087315	12.84073323	1
-0.903354118	12.60638137	1
0.034190332	12.28103337	1
0.141639128	11.87563994	1
-0.256284895	12.0374265	1
-0.288470302	11.7363965	1
-0.244882391	12.34830486	1
0.39112079	12.26007139	1
-0.270352569	11.99431715	1
0.457024265	12.82412583	1
-0.352960493	11.58771097	1
-0.873975799	12.63245729	1
-0.973336017	12.16435286	1
-0.198313713	11.67024585	1
-0.243735978	11.46089784	1
-0.660127388	11.67486114	1
-0.342321849	11.82736927	1
0.072348807	11.75966784	1
-0.391721135	12.27184161	1
-0.446351167	11.90417437	1
-0.179534496	10.79795964	1
-0.368210354	11.65896484	1
-0.314898086	11.22530928	1
-0.281815636	11.93851973	1
-0.17502269	11.88536122	1
-0.055620485	11.09342169	1
-0.31714312	12.88874096	1
-0.333201316	11.39445168	1
-0.785879696	10.8419848	1
-0.082087169	12.50650503	1
-0.057474081	12.0211893	1
-0.224030761	11.83695674	1
-0.263963035	12.08635983	1
-0.61791989	10.72916479	1
-0.036963396	12.60314437	1
0.390561029	13.11058971	1
-0.437811855	12.20951501	1
-0.127857718	12.12057393	1
-0.503228054	11.34439227	1
-0.048038692	12.34044411	1
0.050952122	12.54282543	1
-1.082247743	12.16731733	1
-0.361699478	12.25527251	1
-0.153406841	12.22010809	1
-0.833306488	12.35602586	1
-0.065305655	11.51188336	1
-0.663112187	10.86272753	1
-0.813280925	10.95760729	1
-0.583277966	11.50514998	1
-0.033884091	12.08990511	1
-0.335627897	12.05307844	1
0.418940493	12.16731733	1
-0.253783173	12.2787536	1
-1.189317286	12.23299611	1
-0.381101937	11.55145	1
0.156156473	12.26007139	1
-0.100232557	12.23299611	1
0.081121819	12.68574174	1
-0.268942543	11.86687781	1
-0.365531799	12.61066016	1
0.087551436	12.73798733	1
-0.500539744	11.38021124	1
-0.625282807	11.44247977	1
-0.231009132	11.79934055	1
-1.318107809	11.96848295	1
-1.349702193	12.38201704	1
-0.473111739	10.92992956	1
-0.370115587	11.9790929	1
-0.483446118	11.10380372	1
-0.031008804	12.1931246	1
0.006131742	11.98136551	1
0.139207614	11.80753503	1
-0.124209156	12.05307844	1
-0.018877546	12.39619935	1
0.599435999	13.7411516	1
-0.702379536	12.59988307	1
0.096883607	12.83378437	1
-0.662255296	12.07918125	1
-0.225848141	11.95327634	1
-0.106619453	12.38201704	1
-0.227029537	11.30319606	1
-0.661696931	10.31806333	1
-0.648582514	11.75891189	1
0.311083471	11.93901978	1
-0.412269958	11.95472479	1
-0.41511834	11.6794279	1
-0.263762901	12.16435286	1
-0.53537783	11.8920946	1
-0.550720666	12.12385164	1
-0.027015395	12.29885308	1
-0.258742796	12.36921586	1
-0.021039732	11.91907809	1
-0.069536448	12.21748394	1
-0.520727088	11.80550086	1
-0.531411954	11.61595005	1
0.14243233	12.01703334	1
0.025454975	11.79588002	1
0.180612104	11.98362629	1
0.252486516	12.33845649	1
-0.644857021	10.63042788	1
-0.405030983	12.07188201	1
-0.223243625	12.29446623	1
-0.471956621	11.75358306	1
-0.035523512	12.31386722	1
-0.477238964	12.5563025	1
-0.508771417	11.23552845	1
-1.471327498	9	1
-0.382883233	11.10037055	1
-0.044641342	12.18469143	1
0.219062955	13.5899496	1
0.282198486	12.51188336	1
0.135667475	12.04139269	1
0.134437542	12.1931246	1
-0.011129034	11.77524626	1
0.252133545	12.31597035	1
0.316188487	13.1271048	1
-0.668024361	11.65030752	1
-0.080317456	12.10380372	1
0.272831922	12.20682588	1
-0.340547802	11.66558099	1
-0.119313858	11.97220284	1
-0.123258665	11.62117628	1
0.266357309	12.91960102	1
-0.209639527	12.39093511	1
0.210961591	12.43775056	1
0.213993494	11.8344207	1
-0.546599091	11.9652017	1
0.397847581	12.49968708	1
-0.360753634	12.10037055	1
-0.440701574	12.14921911	1
-0.444429178	11.5797836	1
-0.384860406	11.75281643	1
-0.722769096	12.00432137	1
0.065110064	11.77670118	1
0.177788923	12.21484385	1
-0.651072381	11.50105926	1
-0.108490976	11.92220628	1
-0.114070272	12.80821097	1
-0.554104808	12.40654018	1
0.320797447	12.51054501	1
-0.957723833	12.56820172	1
-0.993589585	12.44715803	1
-0.417853652	11.81358099	1
-0.56782952	11.81557775	1
-0.290265457	12.29003461	1
-0.609494103	11.70070372	1
-0.569578228	11.80277373	1
-0.814749739	11.49136169	1
-0.608486219	12.35983548	1
-1.14235396	12.0211893	1
-0.065333923	11.97127585	1
-0.129806855	11.87157294	1
-0.288595207	11.91222206	1
-0.700826232	11.51454775	1
-0.497025577	12.09691001	1
-0.512673518	12.12057393	1
-0.461303133	11.46089784	1
-0.339574729	12.23552845	1
-0.392498869	12.69810055	1
0.793898805	13.24054925	1
-0.126570112	12.06069784	1
-0.11266801	11.38916608	1
-0.213154207	11.64345268	1
-1.172197941	11.87909588	1
0.456053259	12.60205999	1
0.335594085	12.40993312	1
-0.29418331	11.87794695	1
-0.272526251	11.95856388	1
-0.128254898	12.72591163	1
-0.18889909	12.81358099	1
-2.565590792	8.190331698	1
-0.48102043	12.07554696	1
-0.163230423	12.73319727	1
0.182284801	12.14921911	1
-0.315640351	12.39269695	1
-1.069132439	11.95182304	1
-1.208421623	12.55388303	1
-0.198157415	11.76715587	1
0.276332186	11.8591383	1
-0.482102406	11.5899496	1
-0.537440295	11.16435286	1
-0.31165672	11.98045789	1
-0.498509398	11.64640373	1
-0.289899567	12.74272513	1
-0.103278724	12.70926996	1
-0.308792926	12.35024802	1
-0.214485807	10.8122447	1
-0.445745919	11.1172713	1
0.16603205	12.23044892	1
-0.074757546	12.20951501	1
0.036528693	11.86093662	1
-0.514519915	12.55145	1
-0.065909775	12.63748973	1
-0.837593928	11.90741136	1
-0.420747024	11.11394335	1
-0.519349283	12.13033377	1
-0.78013529	12.27184161	1
-0.173610286	12.0374265	1
-0.450706079	11.88986172	1
-0.339851035	11.89265103	1
-0.249714595	12.41664051	1
-0.747739372	11.63948649	1
-0.761291664	11.7126497	1
-0.209688793	12.01283722	1
-0.324668093	11.13033377	1
-0.696667842	11.91645395	1
-1.016400773	12.32428246	1
0.280079374	12.08990511	1
0.293037983	12.54777471	1
0.273237233	12.92324402	1
-0.208760016	12.27184161	1
-0.419267707	12.82736927	1
-0.836516603	12.92376196	1
-0.628372536	12.45331834	1
-0.032836882	11.43296929	1
-1.151823204	12.2764618	1
0.085773493	12.29225607	1
0.279202977	12.35793485	1
-0.311364864	11.14921911	1
-0.62200569	12.24303805	1
-0.283212294	12.30749604	1
-0.825472116	11.54654266	1
-0.232607378	12.14921911	1
-0.314335277	11.40823997	1
-0.34722393	12.11058971	1
-0.37781811	12.52374647	1
0.281357944	12.49276039	1
-0.260300313	12.58319877	1
-0.098281289	12.41497335	1
-0.065820822	12.46389299	1
0.277231592	12.82477646	1
-0.358655801	11.32633586	1
-0.019691138	12.18184359	1
0.039984871	12.21748394	1
0.725043564	13.05307844	1
-0.026427915	12.39445168	1
-0.122358024	12.19589965	1
0.218236595	12.20139712	1
-0.178276253	12.54406804	1
0.21949441	11.87737135	1
-0.690225092	12.54157924	1
-0.730139292	12.04139269	1
-0.039570133	12.75587486	1
-0.350909622	13.01283722	1
-0.418711555	11.8142476	1
0.125337128	11.97127585	1
-0.451484059	11.38201704	1
0.022934547	12.42975228	1
0.489713294	12.98542647	1
-0.392630772	12.13672057	1
-0.632036864	11.64345268	1
0.264804605	11.99078269	1
-0.278451524	12.53655844	1
-0.248355288	11.05307844	1
-0.504433463	11.1931246	1
-0.462630538	12.28330123	1
-0.32642252	11.52244423	1
-0.055354498	12.42324587	1
-0.106461266	11.65030752	1
-0.174008175	12.11394335	1
0.306966004	12.73878056	1
-0.878394201	11.57403127	1
-0.106829902	12.13987909	1
-0.122074332	11.91009055	1
-0.717572763	11.81157501	1
-0.322947217	12.40483372	1
-0.270499896	12.48995848	1
-2.733768303	8.130333768	1
-0.233921927	12.31597035	1
0.532313365	12.2787536	1
-0.193075578	12.30103	1
-0.294374018	12.46982202	1
-0.279800164	12.37106786	1
-0.003914513	12.29885308	1
-0.569533095	11.6364879	1
-0.474743931	11.16435286	1
-0.59227097	12.20139712	1
-0.425432854	11.92839585	1
-0.682697346	12.13672057	1
-0.312693148	12.37657696	1
0.038361018	12.58883173	1
0.152793911	11.9498777	1
-0.467847172	12.09691001	1
-0.980074059	11.29666519	1
-0.197668317	12.39093511	1
-0.685669217	11.81358099	1
0.418121901	12.7084209	1
-0.362137178	12.34830486	1
-0.486022384	13.68841982	1
-0.455795485	11.82801506	1
-0.064805216	12.33041377	1
-0.646755243	12.17897695	1
0.688316487	12.74036269	1
0.826531285	13.97127585	1
-0.223466611	12.75050839	1
-0.018638571	12.51454775	1
-0.467459637	10.99782308	1
-0.108928865	12.28330123	1
-0.269521352	11.97358962	1
-0.561367479	11.78958071	1
-0.180829982	12.27415785	1
-0.717960509	11.06069784	1
0.214082902	12.58546073	1
-0.647809761	11.40993312	1
0.346079596	12.46389299	1
-0.295886391	12.3283796	1
-0.483246542	11.48144263	1
0.118005991	12.1430148	1
-0.526119059	10.8162413	1
0.634294848	13.00432137	1
-1.414324996	11.87448182	1
-0.172319982	12.44247977	1
-0.265876533	12.59549622	1
-0.174958361	12.58883173	1
-0.118504644	12.61278386	1
-0.020732141	12.86033801	1
0.161762881	12.91855453	1
-0.559656183	11.31806333	1
0.340741079	12.49276039	1
-0.77823638	12.41161971	1
0.034164641	11.80002936	1
-0.134194493	11.98900462	1
-0.536531066	11.21748394	1
-0.461448886	11.86153441	1
-0.28506617	12.20139712	1
0.148931028	12.04921802	1
-0.020824168	12.1931246	1
-0.042403726	13.05307844	1
-0.361317101	12.27415785	1
-0.545617109	11.75050839	1
0.081096238	12.57634135	1
-0.329852524	12.21748394	1
-0.018747386	12.56937391	1
0.338495339	13.16731733	1
-0.979170694	10.48429984	1
-0.345368217	11.95472479	1
-0.367563968	12.17609126	1
0.122592322	11.57054294	1
-0.280543581	12.44715803	1
-0.473225354	11.24054925	1
-0.993807885	11.88138466	1
-0.400245708	12.56820172	1
-0.559755456	12.39093511	1
-0.043285682	12.0374265	1
-0.898252926	11.45024911	1
0.02041598	12.11058971	1
0.592693826	12.65705585	1
0.135593745	12.20682588	1
-0.241696091	11.78675142	1
0.059410044	12.34439227	1
0.538211797	12.60205999	1
-0.607624931	11.10720997	1
-0.07296447	12.59769519	1
0.22481939	12.10037055	1
0.144101987	13.29003461	1
-0.587228753	11.64933486	1
-0.461676409	11.46389299	1
-0.207456334	11.94497591	1
-0.572773636	12.87794695	1
-1.092013902	12.35602586	1
-0.376490211	11.10037055	1
-0.431231715	11.90417437	1
0.848509514	13.16731733	1
-0.447418165	11.14921911	1
-0.854617108	12.32428246	1
-0.199982341	12.4785665	1
-0.381091493	12.61700034	1
-0.455992761	12.19865709	1
-0.298497639	12.1931246	1
0.566698933	12.80002936	1
-0.127361316	12.27415785	1
0.671472116	13.03342376	1
-0.590330575	11.86510397	1
-0.2588019	12.2278867	1
0.018830684	12.7176705	1
-0.029666143	12.28780173	1
-0.414320486	11.37474835	1
-0.426824266	12.17026172	1
-0.409081296	12.15533604	1
-0.21310029	11.55388303	1
0.106936074	12.1931246	1
-0.496458529	12.01283722	1
-0.540277393	11.92116605	1
0.11384078	11.89153746	1
-0.448885612	11.9609462	1
-0.095991908	12.161368	1
-0.196144281	11.76641285	1
-0.183460432	12.35024802	1
-0.255897992	12.42975228	1
0.425384213	13.2764618	1
-0.160788519	12.39445168	1
-0.211296517	12.64542227	1
-0.07987563	11.09342169	1
-0.191114807	12.08990511	1
0.250890152	12.2380461	1
0.262654425	11.69548168	1
0.291559312	12.10720997	1
0.087702287	12.24054925	1
0.183176425	12.24797327	1
-0.126925394	12.49692965	1
-0.171660465	12.36361198	1
-0.31174663	11.51054501	1
-0.137091404	12.24054925	1
-0.520771746	11.66086548	1
-0.426992557	12.43296929	1
-0.364629868	12.08990511	1
-0.051917282	12.04139269	1
-0.447143266	12.56466606	1
-0.186295612	11.7363965	1
-0.855347969	11.11394335	1
-0.420917555	11.76937733	1
-0.679940997	11.47275645	1
-0.579474923	12.33445375	1
0.268711328	11.85973857	1
-0.124471109	11.87794695	1
-0.191666793	12.15228834	1
-2.422048872	8.139879086	1
-0.355354653	11.85064624	1
-0.004493797	13.06818586	1
-0.188398187	12.25767857	1
-0.661039778	11.94645227	1
0.018435015	12.54406804	1
-0.573041662	11.88366144	1
0.109431395	11.65127801	1
-0.110505009	11.51054501	1
0.008213818	11.66558099	1
-0.453606651	11.80617997	1
-0.619511984	12.15228834	1
0.056296032	12.28330123	1
-0.972108372	12.48855072	1
-0.439285358	12.41830129	1
-0.240560314	11.79865065	1
-0.645685992	12.66931688	1
0.152337276	13.18184359	1
-0.082443554	12.10720997	1
-0.199121466	12.14921911	1
0.091933079	11.91750551	1
-0.072222741	11.96473092	1
-0.536075671	11.94349452	1
-0.672941599	11.62634037	1
-0.731897298	11.82801506	1
-0.472943953	12.54032947	1
-0.080780654	11.46089784	1
-0.422993318	10.90902085	1
0.007298747	12.38021124	1
-0.004438949	12.37474835	1
-0.121482226	12.6009729	1
-0.624956727	12.78318869	1
-0.651794471	12.45636603	1
-0.547230992	11.94250411	1
-0.001693572	11.67486114	1
-0.265639486	11.36548798	1
0.133731424	11.69722934	1
-0.471269649	11.4785665	1
-0.29704845	12.02530587	1
0.367404939	12.51454775	1
-0.344029325	11.97543181	1
0.433357418	12.61489722	1
-0.487562432	12.22010809	1
0.15888755	12.54282543	1
-2.334794372	8.45484486	1
-0.336859025	10.89542255	1
-0.387906266	12.40993312	1
0.348882694	12.68304704	1
-0.206226373	11.57863921	1
-0.083053604	12.26717173	1
0.208476292	13.33243846	1
-0.87157165	11.89927319	1
-0.787157451	12.23552845	1
0.094109357	11.86981821	1
-0.077197756	12.57863921	1
-1.444796689	11.54654266	1
-0.514180655	12.09691001	1
-0.282768173	11.8162413	1
-0.339583272	11.83947805	1
-0.158758819	11.18752072	1
-0.221127696	11.80277373	1
-0.498521716	11.49415459	1
0.188282606	12.35983548	1
0.313511628	11.73319727	1
-0.464988327	11.87098881	1
-0.393031015	12.39967372	1
-0.526521789	11.08635983	1
0.208503432	11.9132839	1
-0.266199477	12.38738983	1
-0.356552259	12.05690485	1
0.339003201	12.73319727	1
-0.568227869	11.92168648	1
0.2090695	12.02530587	1
-0.201370069	11.17026172	1
-0.643234368	12.36921586	1
-0.549994288	12.01283722	1
0.328311294	12.79098848	1
-0.710787986	12.07918125	1
-0.47531185	11.52244423	1
-0.370695419	12.04921802	1
-0.097620122	11.924796	1
0.072258355	13.20411998	1
-0.430763073	11.99255352	1
0.104575873	12.49968708	1
0.205200032	11.9929951	1
-0.243059764	12.17318627	1
-0.249653628	11.54777471	1
0.34553095	12.58319877	1
-0.292526912	11.45484486	1
-0.104841647	11.22010809	1
-0.67644266	12.03342376	1
-0.208882942	12.27415785	1
-0.84291815	11.5797836	1
-0.085638329	11.93851973	1
-0.118797431	11.29446623	1
0.126229494	12.13353891	1
-0.626773432	12.25527251	1
0.069210256	11.9459607	1
0.032588142	12.47712125	1
-0.261846768	11.1903317	1
-2.42159003	8.281033367	1
0.467635627	13.51982799	1
-0.801224735	11.80888587	1
-0.623806413	11.85308953	1
0.031035821	12.21484385	1
-0.497488215	11.54282543	1
0.687018923	13.13033377	1
0.122190312	11.73719264	1
-0.236704561	12.51454775	1
0.129048932	12.14612804	1
-0.524224245	12.01703334	1
-0.537145484	11.13672057	1
-0.316263324	11.3783979	1
-0.52532782	11.91803034	1
0.155659664	12.02530587	1
-1.162853656	11.98407703	1
-0.08760256	12.36361198	1
0.086527109	12.23552845	1
-0.588663183	11.91434316	1
-0.140502042	12.10037055	1
-0.119168122	12.2278867	1
-0.863739331	13.01283722	1
-0.502579628	12.10380372	1
-0.300055664	11.35602586	1
-0.644897282	11.71432976	1
-0.571513699	12.03342376	1
-0.840222327	12.46538285	1
-0.243044563	11.61066016	1
-0.359067608	11.49554434	1
-0.032300422	11.74036269	1
-0.089541021	12.41497335	1
-0.748527257	12.68930886	1
-0.445222617	12.17026172	1
-0.1841514	11.70156799	1
-1.096269901	12.34830486	1
-0.014421751	12.30103	1
0.458301462	12.60852603	1
-0.696847158	11.56110138	1
0.219434933	12.38560627	1
0.049823286	12.40654018	1
-0.162991429	12.1903317	1
-0.779588535	12.42975228	1
-2.807432547	8.611723308	1
-0.190236989	12.54032947	1
-0.262152433	12.81690384	1
-0.662906299	11.31386722	1
-0.043162388	11.98272339	1
-0.252522936	11.92531209	1
0.362888117	13.29003461	1
-0.394848008	11.79795964	1
-0.157227307	11.42813479	1
-0.350445129	11.66370093	1
-0.012142098	12.10720997	1
-2.285251239	8.480006943	1
-0.07512242	11.96473092	1
0.300356099	12.08635983	1
-2.441531437	8.220108088	1
0.019378866	11.87909588	1
0.02885906	11.71180723	1
-0.30815408	12	1
-0.355937765	11.01703334	1
0.125302306	12.04139269	1
-0.288051964	12.2380461	1
-0.361450844	12.49554434	1
-0.017978558	12.08278537	1
0.170479982	11.92992956	1
-0.802694626	11.462398	1
-0.706356847	12.13033377	1
-0.144292509	12.35793485	1
0.120367592	11.61066016	1
-0.018808153	12.25285303	1
0.707066017	12.59988307	1
-0.560626248	11.2787536	1
-1.403062199	11.68663627	1
-0.06961648	12.19865709	1
0.125144435	12.1931246	1
-1.032878103	12.15228834	1
-0.369900767	10.43616265	1
-2.312203589	8.328379603	1
-0.284884526	11.93145787	1
-0.51725358	11.41830129	1
-0.511896499	11.99563519	1
-0.426193465	12.21748394	1
-0.537019839	12.8998205	1
-0.558309576	11.40140054	1
-0.156916166	12.93751789	1
-0.04331927	12.10380372	1
0.324542748	13.10380372	1
0.357870269	12.88874096	1
-0.211100875	11.6242821	1
-0.235920305	11.21748394	1
-0.785964586	12.30963017	1
-0.487150241	11.33041377	1
-0.338438123	11.5965971	1
-1.610887098	9.691081492	1
-0.215950014	12.49415459	1
-0.22974021	12.25527251	1
0.157870314	12.16731733	1
-2.282079974	8.206825876	1
-0.247668008	11.35983548	1
0.159100166	12.36361198	1
-0.030708522	12.1172713	1
-0.264399504	11.74193908	1
-0.236432006	11.77597433	1
-0.559046861	11.31597035	1
-0.637906	12.15836249	1
0.362350319	12.04139269	1
-0.26991008	11.86923172	1
-0.253402383	11.46389299	1
-0.411544527	11.93145787	1
-0.98404957	12.50379068	1
-0.576233285	12.58546073	1
-0.46419718	11.91169016	1
-1.614608246	12.01703334	1
-0.276382626	12.11058971	1
-0.428735004	11.99078269	1
-0.399928193	11.45939249	1
0.041254874	11.77085201	1
-0.752746246	11.97220284	1
0.085220986	12.59328607	1
-0.200305955	11.8785218	1
-0.698689975	12.06069784	1
-0.64384024	12.08990511	1
-0.843911433	12.2380461	1
0.107792822	11.88817949	1
0.316887688	12.31806333	1
-0.208509355	12.2278867	1
0.197910449	12.41161971	1
0.153683185	12.06818586	1
-0.062679742	11.86093662	1
-1.01713654	11.54900326	1
0.143862253	11.97680834	1
-0.402793121	11.44870632	1
0.189472908	12.18469143	1
0.056251394	11.66370093	1
-0.321722963	12.36735592	1
-0.350718701	12.13987909	1
0.292604254	12.67117284	1
-0.546833078	10.82216808	1
-0.466817905	11.41830129	1
-0.088745951	12.02530587	1
-0.495446228	12.06445799	1
-0.654610584	11.46089784	1
0.153236029	12.35410844	1
-0.382086922	11.28103337	1
0.597020519	12.55870857	1
-0.801810443	12.68214508	1
0.080212195	12.25527251	1
0.00633124	11.93550727	1
-0.356396334	11.5575072	1
-0.158607364	11.86864444	1
-2.307064997	8.507855872	1
-0.487087579	11.43933269	1
0.088927733	11.15228834	1
0.034834527	12.10037055	1
-0.548445352	11.85672889	1
0.974430122	13.29885308	1
0.929920731	12.31806333	1
-0.42005643	11.40823997	1
-0.478592528	12.26717173	1
-0.226554398	11.81690384	1
0.206561442	12.08990511	1
0.012838068	12.05690485	1
0.137877355	12.38738983	1
-0.302640737	10.92992956	1
0.183345589	12.36548798	1
-0.02779068	11.96848295	1
-0.03004342	12.41161971	1
0.001990148	11.85369821	1
-0.426900859	11.97863695	1
0.024010886	11.92376196	1
-0.268839294	12.08990511	1
-0.55067745	10.62531245	1
-0.165870619	12.41497335	1
-1.287148348	12.30749604	1
-0.353542358	12.00432137	1
0.133137959	11.74507479	1
-1.223538543	9.492760389	1
-0.7885217	12.60422605	1
-0.854073648	12.17026172	1
0.22128406	12.4578819	1
-0.224171913	11.41830129	1
-0.321269533	11.75434834	1
-0.101145427	11.36548798	1
-0.433861962	12.16731733	1
0.081492768	12.20139712	1
0.197524797	12.33445375	1
-0.270973785	10.83947805	1
-0.323244222	11.49415459	1
-0.45663484	11.30319606	1
0.159763544	12.09342169	1
0.353433028	12.60530505	1
-2.318035541	8.340444115	1
0.370603011	12.39619935	1
0.157248184	12.30963017	1
-0.631430497	11.462398	1
0.215801946	12.4456042	1
-0.305070298	12.99607365	1
0.072420125	12.10720997	1
-0.02466747	12.59879051	1
-2.726535727	7.989894564	2
-2.589560214	8.068185862	2
-2.63395079	8.632457292	2
-1.40756785	9.492760389	2
-1.590033081	9.158362492	2
-2.239803771	8.764176132	2
-2.413300198	8.344392274	2
-2.513994814	8.238046103	2
-2.501827339	8.376576957	2
-1.539793973	9.071882007	2
-0.708473535	10.06818586	2
-1.808493095	8.922725458	2
-1.643993275	9.806179974	2
0.443022063	12.20139712	2
-2.458545571	8.222716471	2
-0.063047661	11.48287358	2
-1.954285941	8.873901598	2
-2.279344643	8.482873584	2
-2.630969778	7.897077003	2
-1.783754902	8.931966115	2
-2.772627558	8.158362492	2
-2.126446906	8.565847819	2
-2.508358207	8.638489257	2
-2.580044252	8.017033339	2
-0.404615122	12.12057393	2
-1.360623094	9.403120521	2
-2.451119437	7.883661435	2
-2.433680378	8.46686762	2
-1.054127837	9.932473765	2
-2.206279443	8.930949031	2
-1.320908403	11.52374647	2
-2.591760035	8.369215857	2
-2.572189427	8.342422681	2
-2.025810809	9.136720567	2
-1.467029165	9.187520721	2
-2.386052523	8.214843848	2
-2.029281296	8.684845362	2
-1.543102813	9.309630167	2
-2.658565475	8.178976947	2
-1.344391014	9.788875116	2
-2.097616316	8.649334859	2
-1.572773636	9.447158031	2
-1.387905205	9.029383778	2
-1.215939303	9.595496222	2
-1.421314957	9.986771734	2
-2.686765708	8.264817823	2
-2.665747358	7.90579588	2
-2.446723954	8.641474111	2
-2.443938841	8.271841607	2
-1.828507573	8.687528961	2
-2.501551597	8.245512668	2
-1.62666495	9.093421685	2
-0.116944729	12.28555731	2
-2.499900808	7.980911938	2
-2.335170059	8.471291711	2
-2.346305205	8.5132176	2
-2.334325219	8.117271296	2
-0.988776454	10.72345567	2
-2.3400838	8.301029996	2
-2.237321436	8.320146286	2
-2.629857153	8.389166084	2
-2.274660184	8.444044796	2
-2.37934352	8.264817823	2
-2.232844134	8.579783597	2
-0.243886729	12.5865873	2
-0.763351912	10.21748394	2
-1.712735874	9.130333768	2
-2.57642648	7.935003151	2
-2.407268234	8.326335861	2
-1.021645983	9.942999593	2
-1.545734586	9.7355989	2
-2.05207638	8.689308859	2
-2.127610612	8.152288344	2
-1.897978143	8.986323777	2
-0.475714251	10.88422877	2
-2.029513651	8.795880017	2
-1.483834959	9.348304863	2
-0.98220731	9.991226076	2
-2.574955125	8.283301229	2
-2.494850022	8.564666064	2
0.398724157	12.00860017	2
-0.55310728	11.79865065	2
-2.341606974	8.250420002	2
-1.387110231	9.170261715	2
-0.283200623	10.87448182	2
-2.291069464	8.283301229	2
-1.448818469	10.95230801	2
-1.526177403	10.19865709	2
-2.378200776	8.330413773	2
-2.448550002	8.298853076	2
-2.388064375	8.281033367	2
-2.27067319	8.495544338	2
-2.309006968	8.235528447	2
-2.66756154	8.309630167	2
-1.148160941	9.451786436	2
-0.841420415	12.2380461	2
-2.530619864	8.31386722	2
-2.302421966	8.346352974	2
-2.4405722	8.359835482	2
-1.228927217	10.35793485	2
-2.116565706	8.652246341	2
-2.450628848	8.064457989	2
-1.881470742	9.049218023	2
-2.212327035	8.635483747	2
-2.793984123	8.222716471	2
-1.187487716	9.712649702	2
-2.538201442	8.195899652	2
-2.405055263	8.225309282	2
-2.225556031	8.414973348	2
-2.623423043	8.053078443	2
-2.345919765	8.383815366	2
-2.428757149	8.450249108	2
-1.794470849	8.84509804	2
-2.505984625	8.326335861	2
-1.483887889	9.100370545	2
-2.526075307	7.824125834	2
-2.160647671	8.416640507	2
-2.660151217	8.086359831	2
-2.284665316	8.424881637	2
0.027908326	11.89652622	2
-2.462810774	7.965671971	2
0.904195595	14.59439255	3
0.938954502	14.1271048	3
0.760580565	14.26717173	3
0.905634001	14.86451108	3
0.809699542	14.70070372	3
0.315935307	14.34635297	3
1.025742235	13.97818052	3
1.041445074	14.66931688	3
0.582624173	14.68124124	3
0.575598844	14.19865709	3
0.878287351	15.31386722	3
0.743537515	14.32221929	3
0.92622511	13.71096312	3
0.878832354	14.2121876	3
0.394854617	14.15228834	3
1.07110632	14.86569606	3
0.715865183	14.84509804	3
0.843798923	13.76641285	3
0.957990178	12.78532984	3
0.413969972	14.34242268	3
0.636086515	14.43136376	3
1.176091259	11.93651374	4
1.62324929	11.97772361	4
0.556302501	12.08278537	4
2.644438589	12.1903317	4
2.72427587	12.2380461	4
1.469822016	12.2380461	4
2.451786436	12.31597035	4
0.640481437	12.35024802	4
0.681241237	12.38381537	4
1.821185883	12.38381537	4
2.922725458	12.39794001	4
2.307496038	12.44090908	4
2.204119983	12.49276039	4
1.198657087	12.49276039	4
1.57634135	12.49276039	4
0.88422877	12.50514998	4
2.838849091	12.50514998	4
0.093421685	12.54900326	4
2.017033339	12.59879051	4
2.434568904	12.66838592	4
2.610660163	12.67669361	4
1.971739591	12.88081359	4
1.130333768	12.93651374	4
0.27392678	12.10037055	5
0.093919088	11.92168648	5
0.776519076	13.43296929	5
-0.231361899	12.19865709	5
0.090258053	12.5899496	5
0.79190108	12.7201593	5
0.421965524	12.76566855	5
0.67747701	12.97818052	5
0.01958026	12.48000694	5
-0.263603498	12.20951501	5
-0.902291619	11.73399929	5
-0.298432015	12	5
-0.673017276	11.22271647	5
0.886895671	12.93751789	5
0.76070717	12.91855453	5
0.259593879	11.86981821	5
0.120573931	12.39967372	5
0.441568677	12.57518784	5
0.62973204	13.69983773	5
-0.113159724	12.41995575	5
-0.030118356	12.3783979	5
0.819383546	12.81557775	5
0.650960223	13.43296929	5
-0.382999659	11.63948649	5
0.65875717	13.41497335	5
-0.129735419	12.1931246	5
-0.034614363	12.45636603	5
0.318343657	12.28103337	5
0.700132183	12.85793526	5
-2.451487744	8.775974331	6
-2.577902837	8.457881897	6
-2.394371778	8.574031268	6
-2.119872678	9.178976947	6
-2.362210171	8.813580989	6
-2.30181243	7.888179494	6
-2.62178385	8.328379603	6
-1.955617053	9.440909082	6
-2.466227942	8.821513528	6
-2.490259984	9.004321374	6
-2.63921731	8.858537198	6
0.001749717	12.11058971	6
-2.437707136	8.898725182	6
-1.86979493	9.45484486	6
-0.952331914	10.40483372	6
-2.216453718	8.537819095	6
-1.538171451	9.906335042	6
-1.63636922	9.521138084	6
-2.378200776	8.773786445	6
-2.474436942	7.950364854	6
-2.48598382	7.996949248	6
-1.515287421	10.09691001	6
-0.199052092	12.10380372	7
-0.162069563	12.35024802	7
-0.486938294	12.10380372	7
-0.458266035	11.89872518	7
-0.319515818	12.11058971	7
-0.494276318	12.26245109	7
-0.09683836	12.73878056	7
-0.160364227	12.60638137	7
-0.579694315	11.6364879	7
-0.170997442	12.54406804	7
-0.010672567	12.59549622	7
-0.191962644	12.27415785	7
0.259489951	13.44870632	7
-0.697861797	12.18752072	7
-1.792581083	11.96614173	7
-1.296717222	12.69722934	7
-0.149381943	12.2278867	7
-0.082054642	12.35218252	7
-0.033259588	12.31386722	7
-0.500487495	13.03342376	8
-2.581036169	8.619093331	8
-2.255394125	8.684845362	8
-0.539699159	11.53655844	8
-1.788772634	9.357934847	8
-2.289036881	9.206825876	8
-2.373967752	8.238046103	8
-2.2644011	9.63748973	8
-0.421823979	11.03342376	8
-0.391542432	11.48429984	8
-2.515130967	9.352182518	8
-2.277612906	8.033423755	8
-2.044071843	9.475671188	8
-1.250781747	10.36921586	8
-2.33245366	8.96425963	8
-2.39501837	8.559906625	8
-1.424119684	9.943494516	8
-2.17114684	8.609594409	8
-0.950781977	11.99122608	9
-0.372634143	11.51851394	9
-0.978810701	10.49136169	9
0.974511693	13.30103	10
0.537819095	14.25527251	10
0.923761961	13.38021124	10
1.055760465	14.14612804	10
1.013258665	13.53147892	10
0.837588438	13.51851394	10
0.974971994	14.38021124	10
